<?xml version="1.0"?>
<opencv_storage>
<cameraMatrix type_id="opencv-matrix">
  <rows>3</rows>
  <cols>3</cols>
  <dt>d</dt>
  <data>
    1.1539648906990760e+003 0. 6.6970824611380021e+002 0.
    1.1480284689297587e+003 3.8566107587739896e+002 0. 0. 1.</data></cameraMatrix>
<distCoeffs type_id="opencv-matrix">
  <rows>1</rows>
  <cols>5</cols>
  <dt>d</dt>
  <data>
    -2.4102758538164562e-001 -5.3020250827736273e-002
    -1.1577498965059476e-003 -1.2793474903930176e-004
    2.6631431151761007e-002</data></distCoeffs>
<H type_id="opencv-matrix">
  <rows>3</rows>
  <cols>3</cols>
  <dt>d</dt>
  <data>
    6.0937500000000155e-001 -6.6759388038942735e-001
    2.8499999999999943e+002 1.1102230246251565e-015
    -2.8502042767732905e-001 4.2399999999999955e+002
    3.0357660829594124e-018 -9.6705493741307399e-004 1.</data></H>
<I type_id="opencv-matrix">
  <rows>3</rows>
  <cols>3</cols>
  <dt>d</dt>
  <data>
    -7.1975906370325005e-001 -2.2568716404254463e+000
    1.1620449086958160e+003 4.4408920985006262e-016
    -3.5085204528992340e+000 1.4876126720292764e+003
    -7.0473141211557788e-019 -3.3929320269909602e-003 1.</data></I>
</opencv_storage>
